1 
3 
8 
1 
568.625000 10.000000
1 
0 
1 
0 
0 
0 
4 
0 
1 
2 
2 
0 
1 
-1 
1 
704.000000 222.250000 
3 
2 
1 
-1 
1 
338.000000 462.250000 
3 
2 
1 
-1 
1 
1005.250000 572.250000 
3 
3 
1 
-1 
1 
639.250000 572.250000 
3 
3 
12 
1 
2 
1 
914.000000, 495.000000 
1 
2 
1 
730.000000, 615.000000 
1 
2 
1 
974.000000, 205.000000 
1 
2 
1 
662.000000, 355.000000 
1 
2 
1 
1024.000000, 205.000000 
1 
2 
1 
730.000000, 615.000000 
1 
2 
-1 
924.000000, 205.000000 
1 
2 
1 
916.000000, 500.000000 
1 
2 
1 
632.000000, 355.000000 
1 
2 
-1 
320.000000, 505.000000 
1 
2 
1 
382.000000, 505.000000 
1 
2 
-1 
962.000000, 150.000000 
